-233.00
1792.78
-56.27
-46.78
-40.00
-27.18
-10.00
6.90
3108.09
-1000.00
-15.14
742.70
-76.82
-27.42
-0.70
26.34
575.76
600.00
-190.00
-70.00
-87.06
-60.00
-54.47
-23.00
-11.50
-10.75
-10.20
-8.45
-6.90
-1.70
-1.00
44.22
-80.00
-53.94
-50.00
-48.18
-44.00
-31.20
-10.00
-40.00
-1.50
123.00
-120.00
-124.34
-112.20
-85.56
-44.99
-41.00
-77.35
-64.44
-55.69
-50.00
-29.99
-22.62
-14.42
-8.40
-1.50
-181.25
-55.55
-21.83
-7.90
-1.50
-50.00
-17.24
-2.54
-1.49
-3.66
-130.41
-71.28
-39.90
-19.80
-12.50
-2.00
